! orbits 1-6 protons, 7-12 neutrons
!SP ORB  N  L  J     Tz
!SP   1  0  0  1/2
!SP   2  0  1  1/2
!SP   3  0  1  3/2
!SP   4  0  2  5/2
!SP   5  0  2  3/2
!SP   6  1  0  1/2
!SP   7  0  0  1/2
!SP   8  0  1  1/2
!SP   9  0  1  3/2
!SP   10  0  2  5/2
!SP   11  0  2  3/2
!SP   12  1  0  1/2
K= 2	pF= 1
1	4	-2.007140
1	5	-1.638823
2	3	-2.115711
3	2	2.115711
3	3	2.115711
4	1	-2.007140
4	4	3.878162
4	5	1.939081
4	6	3.277645
5	1	1.638823
5	4	-1.939081
5	5	2.961995
5	6	-2.676186
6	4	3.277645
6	5	2.676186
7	10	-0.669047
7	11	-0.546274
8	9	-0.705237
9	8	0.705237
9	9	0.705237
10	7	-0.669047
10	10	1.292721
10	11	0.646360
10	12	1.092548
11	7	0.546274
11	10	-0.646360
11	11	0.987332
11	12	-0.892062
12	10	1.092548
12	11	0.892062
